# DecayCore target curve
# Target: HiFi
# Frequency_Hz Magnitude_dB
10.000000 6.000000
10.192325 6.000000
10.388349 6.000000
10.588142 6.000000
10.791779 6.000000
10.999331 6.000000
11.210876 6.000000
11.426489 6.000000
11.646249 6.000000
11.870235 6.000000
12.098529 6.000000
12.331214 6.000000
12.568374 6.000000
12.810095 6.000000
13.056465 6.000000
13.307573 6.000000
13.563511 6.000000
13.824371 6.000000
14.090248 6.000000
14.361239 6.000000
14.637441 6.000000
14.918956 6.000000
15.205884 6.000000
15.498331 6.000000
15.796403 6.000000
16.100207 6.000000
16.409854 6.000000
16.725456 6.000000
17.047128 6.000000
17.374987 6.000000
17.709151 6.000000
18.049742 6.000000
18.396884 6.000000
18.750701 6.000000
19.111324 6.000000
19.478882 6.000000
19.853510 6.000000
20.235342 5.990586
20.624518 5.975019
21.021179 5.959153
21.425468 5.942981
21.837533 5.926499
22.257524 5.909699
22.685591 5.892576
23.121891 5.875124
23.566583 5.857337
24.019827 5.839207
24.481788 5.820728
24.952634 5.801895
25.432535 5.780037
25.921666 5.757462
26.420204 5.734452
26.928330 5.711000
27.446229 5.687097
27.974088 5.662734
28.512099 5.637903
29.060458 5.612594
29.619363 5.586799
30.189017 5.560507
30.769627 5.533710
31.361403 5.506397
31.964561 5.472673
32.579319 5.436511
33.205901 5.399653
33.844533 5.362086
34.495447 5.323797
35.158880 5.284772
35.835073 5.244996
36.524271 5.204455
37.226723 5.163134
37.942686 5.121018
38.672418 5.078093
39.416185 5.034342
40.174256 4.987802
40.946907 4.933717
41.734418 4.878591
42.537075 4.822405
43.355168 4.765138
44.188996 4.706770
45.038860 4.647280
45.905070 4.586645
46.787938 4.524844
47.687787 4.461855
48.604942 4.397654
49.539735 4.332219
50.492508 4.269692
51.463604 4.209932
52.453377 4.149023
53.462186 4.086942
54.490397 4.023668
55.538383 3.959176
56.606524 3.893445
57.695209 3.826449
58.804831 3.758164
59.935794 3.688567
61.088509 3.617630
62.263393 3.545330
63.460873 3.475601
64.681383 3.410986
65.925367 3.345128
67.193276 3.278003
68.485570 3.209587
69.802717 3.139856
71.145197 3.068784
72.513496 2.996344
73.908111 2.922512
75.329548 2.847259
76.778323 2.770559
78.254961 2.692384
79.759998 2.612706
81.293982 2.548241
82.857467 2.485701
84.451022 2.421959
86.075226 2.356991
87.730666 2.290773
89.417945 2.223282
91.137675 2.154493
92.890479 2.084381
94.676994 2.012920
96.497868 1.940085
98.353762 1.865850
100.245349 1.792149
102.173317 1.730454
104.138364 1.667572
106.141204 1.603481
108.182563 1.538158
110.263183 1.471578
112.383818 1.403718
114.545239 1.334552
116.748228 1.264057
118.993587 1.192205
121.282130 1.118972
123.614687 1.044330
125.992105 0.982992
128.415247 0.941453
130.884991 0.899114
133.402235 0.855962
135.967892 0.811979
138.582893 0.767150
141.248187 0.721460
143.964741 0.674890
146.733541 0.627425
149.555592 0.579047
152.431918 0.529739
155.363563 0.479482
158.351590 0.428258
161.397085 0.386029
164.501153 0.354988
167.664919 0.323351
170.889533 0.291105
174.176163 0.258238
177.526004 0.224740
180.940271 0.190597
184.420203 0.155798
187.967062 0.120329
191.582136 0.084179
195.266737 0.047333
199.022202 0.009778
202.849894 -0.011400
206.751202 -0.027005
210.727542 -0.042910
214.780357 -0.059121
218.911117 -0.075644
223.121323 -0.092485
227.412501 -0.109650
231.786209 -0.127145
236.244034 -0.144976
240.787595 -0.163150
245.418539 -0.181674
250.138548 -0.200369
254.949335 -0.213198
259.852645 -0.226274
264.850257 -0.239601
269.943987 -0.253184
275.135681 -0.267028
280.427224 -0.281139
285.820538 -0.295521
291.317577 -0.310180
296.920339 -0.325121
302.630856 -0.340349
308.451200 -0.355870
314.383484 -0.371689
320.429860 -0.387813
326.592524 -0.404247
332.873710 -0.420997
339.275700 -0.438069
345.800815 -0.455469
352.451425 -0.473204
359.229943 -0.491280
366.138828 -0.509704
373.180589 -0.528482
380.357780 -0.547621
387.673006 -0.567128
395.128922 -0.587010
402.728234 -0.601819
410.473700 -0.606982
418.368130 -0.612245
426.414390 -0.617610
434.615400 -0.623077
442.974135 -0.628649
451.493630 -0.634329
460.176975 -0.640118
469.027323 -0.646018
478.047885 -0.652032
487.241935 -0.658161
496.612810 -0.664409
506.163909 -0.670776
515.898700 -0.677266
525.820716 -0.683880
535.933556 -0.690622
546.240892 -0.697494
556.746463 -0.704498
567.454082 -0.711636
578.367636 -0.718912
589.491084 -0.726327
600.828464 -0.733886
612.383890 -0.741589
624.161555 -0.749441
636.165735 -0.757444
648.400784 -0.765601
660.871144 -0.773914
673.581340 -0.782388
686.535985 -0.791024
699.739780 -0.799827
713.197516 -0.808798
726.914079 -0.817943
740.894445 -0.827263
755.143688 -0.836762
769.666979 -0.846445
784.469590 -0.856313
799.556892 -0.866371
814.934360 -0.876623
830.607574 -0.887072
846.582224 -0.897721
862.864106 -0.908576
879.459130 -0.919639
896.373316 -0.930916
913.612805 -0.942409
931.183852 -0.954123
949.092834 -0.966062
967.346250 -0.978231
985.950724 -0.990634
1004.913009 -1.002948
1024.239986 -1.014544
1043.938669 -1.026363
1064.016207 -1.038410
1084.479885 -1.050688
1105.337131 -1.063202
1126.595513 -1.075957
1148.262748 -1.088958
1170.346697 -1.102208
1192.855375 -1.115713
1215.796951 -1.129478
1239.179751 -1.143508
1263.012260 -1.157807
1287.303127 -1.172382
1312.061169 -1.187237
1337.295369 -1.202377
1363.014885 -1.217809
1389.229052 -1.233537
1415.947382 -1.249568
1443.179573 -1.265908
1470.935506 -1.282561
1499.225255 -1.299535
1528.059086 -1.316835
1557.447463 -1.334468
1587.401052 -1.352441
1617.930723 -1.370758
1649.047555 -1.389429
1680.762842 -1.408458
1713.088092 -1.427853
1746.035038 -1.447621
1779.615635 -1.467769
1813.842070 -1.488305
1848.726765 -1.509236
1884.282380 -1.530569
1920.521817 -1.552313
1957.458229 -1.574475
1995.105020 -1.597063
2033.475852 -1.616738
2072.584651 -1.636292
2112.445610 -1.656223
2153.073194 -1.676537
2194.482147 -1.697241
2236.687498 -1.718344
2279.704562 -1.739852
2323.548952 -1.761774
2368.236578 -1.784118
2413.783658 -1.806892
2460.206722 -1.830103
2507.522618 -1.853761
2555.748515 -1.877874
2604.901917 -1.902451
2655.000660 -1.927500
2706.062927 -1.953031
2758.107249 -1.979054
2811.152512 -2.005576
2865.217968 -2.032609
2920.323237 -2.060162
2976.488317 -2.088244
3033.733591 -2.116867
3092.079835 -2.146040
3151.548222 -2.175774
3212.160333 -2.206080
3273.938167 -2.236969
3336.904142 -2.268452
3401.081109 -2.300541
3466.492359 -2.333246
3533.161630 -2.366581
3601.113117 -2.400557
3670.371481 -2.435186
3740.961854 -2.470481
3812.909857 -2.506455
3886.241598 -2.543121
3960.983691 -2.580492
4037.163260 -2.609291
4114.807952 -2.628702
4193.945945 -2.648486
4274.605958 -2.668651
4356.817264 -2.689204
4440.609698 -2.710152
4526.013668 -2.731503
4613.060170 -2.753265
4701.780792 -2.775445
4792.207733 -2.798052
4884.373808 -2.821093
4978.312466 -2.844578
5074.057799 -2.868514
5171.644552 -2.892911
5271.108142 -2.917777
5372.484663 -2.943121
5475.810907 -2.968953
5581.124372 -2.995281
5688.463277 -3.022116
5797.866576 -3.049467
5909.373973 -3.077343
6023.025934 -3.105756
6138.863706 -3.134716
6256.929325 -3.164232
6377.265641 -3.194316
6499.916322 -3.224979
6624.925882 -3.256231
6752.339687 -3.288085
6882.203975 -3.320551
7014.565877 -3.353641
7149.473428 -3.387368
7286.975587 -3.421744
7427.122254 -3.456781
7569.964290 -3.492491
7715.553534 -3.528888
7863.942821 -3.565986
8015.186003 -3.602658
8169.337968 -3.629634
8326.454659 -3.657130
8486.593094 -3.685154
8649.811390 -3.713717
8816.168780 -3.742830
8985.725636 -3.772502
9158.543492 -3.802745
9334.685066 -3.833570
9514.214280 -3.864987
9697.196288 -3.897009
9883.697494 -3.929647
10073.785583 -3.962912
10267.529539 -3.996818
10464.999673 -4.031375
10666.267648 -4.066597
10871.406508 -4.102496
11080.490698 -4.139086
11293.596097 -4.176379
11510.800043 -4.214390
11732.181362 -4.253132
11957.820394 -4.292619
12187.799025 -4.332865
12422.200718 -4.373885
12661.110539 -4.415694
12904.615189 -4.458308
13152.803040 -4.501741
13405.764160 -4.546009
13663.590352 -4.591128
13926.375184 -4.637116
14194.214021 -4.683987
14467.204065 -4.731761
14745.444387 -4.780453
15029.035962 -4.830081
15318.081709 -4.880664
15612.686524 -4.932220
15912.957323 -4.984768
16219.003077 -5.027375
16530.934851 -5.066367
16848.865849 -5.106108
17172.911452 -5.146614
17503.189257 -5.187899
17839.819126 -5.229977
18182.923225 -5.272865
18532.626070 -5.316578
18889.054569 -5.361132
19252.338076 -5.406542
19622.608428 -5.452826
20000.000000 -5.500000
