# DecayCore target curve
# Target: BK_Strong
# Frequency_Hz Magnitude_dB
10.000000 4.500000
10.192325 4.500000
10.388349 4.500000
10.588142 4.500000
10.791779 4.500000
10.999331 4.500000
11.210876 4.500000
11.426489 4.500000
11.646249 4.500000
11.870235 4.500000
12.098529 4.500000
12.331214 4.500000
12.568374 4.500000
12.810095 4.500000
13.056465 4.500000
13.307573 4.500000
13.563511 4.500000
13.824371 4.500000
14.090248 4.500000
14.361239 4.500000
14.637441 4.500000
14.918956 4.500000
15.205884 4.500000
15.498331 4.500000
15.796403 4.500000
16.100207 4.500000
16.409854 4.500000
16.725456 4.500000
17.047128 4.500000
17.374987 4.500000
17.709151 4.500000
18.049742 4.500000
18.396884 4.500000
18.750701 4.500000
19.111324 4.500000
19.478882 4.500000
19.853510 4.500000
20.235342 4.495293
20.624518 4.487510
21.021179 4.479576
21.425468 4.471491
21.837533 4.463249
22.257524 4.454850
22.685591 4.446288
23.121891 4.437562
23.566583 4.428668
24.019827 4.419603
24.481788 4.410364
24.952634 4.400947
25.432535 4.386691
25.921666 4.371641
26.420204 4.356301
26.928330 4.340667
27.446229 4.324731
27.974088 4.308490
28.512099 4.291935
29.060458 4.275063
29.619363 4.257866
30.189017 4.240338
30.769627 4.222473
31.361403 4.204265
31.964561 4.183604
32.579319 4.161906
33.205901 4.139792
33.844533 4.117252
34.495447 4.094278
35.158880 4.070863
35.835073 4.046997
36.524271 4.022673
37.226723 3.997880
37.942686 3.972611
38.672418 3.946856
39.416185 3.920605
40.174256 3.893030
40.946907 3.862124
41.734418 3.830623
42.537075 3.798517
43.355168 3.765793
44.188996 3.732440
45.038860 3.698446
45.905070 3.663797
46.787938 3.628482
47.687787 3.592489
48.604942 3.555802
49.539735 3.518411
50.492508 3.481057
51.463604 3.443708
52.453377 3.405639
53.462186 3.366839
54.490397 3.327292
55.538383 3.286985
56.606524 3.245903
57.695209 3.204030
58.804831 3.161353
59.935794 3.117854
61.088509 3.073519
62.263393 3.028331
63.460873 2.983734
64.681383 2.940657
65.925367 2.896752
67.193276 2.852002
68.485570 2.806392
69.802717 2.759904
71.145197 2.712522
72.513496 2.664230
73.908111 2.615008
75.329548 2.564839
76.778323 2.513706
78.254961 2.461590
79.759998 2.408471
81.293982 2.361181
82.857467 2.314276
84.451022 2.266469
86.075226 2.217743
87.730666 2.168080
89.417945 2.117462
91.137675 2.065870
92.890479 2.013286
94.676994 1.959690
96.497868 1.905064
98.353762 1.849387
100.245349 1.794112
102.173317 1.747840
104.138364 1.700679
106.141204 1.652611
108.182563 1.603618
110.263183 1.553684
112.383818 1.502788
114.545239 1.450914
116.748228 1.398043
118.993587 1.344154
121.282130 1.289229
123.614687 1.233248
125.992105 1.188662
128.415247 1.160969
130.884991 1.132743
133.402235 1.103974
135.967892 1.074653
138.582893 1.044767
141.248187 1.014306
143.964741 0.983260
146.733541 0.951617
149.555592 0.919365
152.431918 0.886492
155.363563 0.852988
158.351590 0.818839
161.397085 0.782536
164.501153 0.743736
167.664919 0.704189
170.889533 0.663881
174.176163 0.622798
177.526004 0.580925
180.940271 0.538247
184.420203 0.494747
187.967062 0.450412
191.582136 0.405223
195.266737 0.359166
199.022202 0.312222
202.849894 0.271501
206.751202 0.232488
210.727542 0.192725
214.780357 0.152196
218.911117 0.110889
223.121323 0.068787
227.412501 0.025875
231.786209 -0.017862
236.244034 -0.062440
240.787595 -0.107876
245.418539 -0.154185
250.138548 -0.200554
254.949335 -0.219797
259.852645 -0.239411
264.850257 -0.259401
269.943987 -0.279776
275.135681 -0.300543
280.427224 -0.321709
285.820538 -0.343282
291.317577 -0.365270
296.920339 -0.387681
302.630856 -0.410523
308.451200 -0.433805
314.383484 -0.457534
320.429860 -0.481719
326.592524 -0.506370
332.873710 -0.531495
339.275700 -0.557103
345.800815 -0.583203
352.451425 -0.609806
359.229943 -0.636920
366.138828 -0.664555
373.180589 -0.692722
380.357780 -0.721431
387.673006 -0.750692
395.128922 -0.780516
402.728234 -0.803183
410.473700 -0.812219
418.368130 -0.821429
426.414390 -0.830817
434.615400 -0.840385
442.974135 -0.850136
451.493630 -0.860076
460.176975 -0.870206
469.027323 -0.880532
478.047885 -0.891056
487.241935 -0.901782
496.612810 -0.912715
506.163909 -0.923858
515.898700 -0.935215
525.820716 -0.946791
535.933556 -0.958589
546.240892 -0.970614
556.746463 -0.982871
567.454082 -0.995363
578.367636 -1.008096
589.491084 -1.021073
600.828464 -1.034300
612.383890 -1.047781
624.161555 -1.061522
636.165735 -1.075527
648.400784 -1.089801
660.871144 -1.104350
673.581340 -1.119178
686.535985 -1.134292
699.739780 -1.149696
713.197516 -1.165397
726.914079 -1.181400
740.894445 -1.197710
755.143688 -1.214334
769.666979 -1.231278
784.469590 -1.248548
799.556892 -1.266150
814.934360 -1.284090
830.607574 -1.302376
846.582224 -1.321013
862.864106 -1.340008
879.459130 -1.359369
896.373316 -1.379102
913.612805 -1.399215
931.183852 -1.419714
949.092834 -1.440608
967.346250 -1.461904
985.950724 -1.483609
1004.913009 -1.503930
1024.239986 -1.519392
1043.938669 -1.535151
1064.016207 -1.551213
1084.479885 -1.567584
1105.337131 -1.584270
1126.595513 -1.601276
1148.262748 -1.618610
1170.346697 -1.636277
1192.855375 -1.654284
1215.796951 -1.672638
1239.179751 -1.691344
1263.012260 -1.710410
1287.303127 -1.729843
1312.061169 -1.749649
1337.295369 -1.769836
1363.014885 -1.790412
1389.229052 -1.811383
1415.947382 -1.832758
1443.179573 -1.854544
1470.935506 -1.876748
1499.225255 -1.899380
1528.059086 -1.922447
1557.447463 -1.945958
1587.401052 -1.969921
1617.930723 -1.994345
1649.047555 -2.019238
1680.762842 -2.044610
1713.088092 -2.070470
1746.035038 -2.096828
1779.615635 -2.123693
1813.842070 -2.151074
1848.726765 -2.178981
1884.282380 -2.207426
1920.521817 -2.236417
1957.458229 -2.265967
1995.105020 -2.296084
2033.475852 -2.315064
2072.584651 -2.332663
2112.445610 -2.350601
2153.073194 -2.368883
2194.482147 -2.387517
2236.687498 -2.406509
2279.704562 -2.425867
2323.548952 -2.445597
2368.236578 -2.465706
2413.783658 -2.486203
2460.206722 -2.507093
2507.522618 -2.528385
2555.748515 -2.550087
2604.901917 -2.572206
2655.000660 -2.594750
2706.062927 -2.617728
2758.107249 -2.641148
2811.152512 -2.665019
2865.217968 -2.689348
2920.323237 -2.714145
2976.488317 -2.739420
3033.733591 -2.765180
3092.079835 -2.791436
3151.548222 -2.818197
3212.160333 -2.845472
3273.938167 -2.873272
3336.904142 -2.901607
3401.081109 -2.930486
3466.492359 -2.959922
3533.161630 -2.989923
3601.113117 -3.020501
3670.371481 -3.051667
3740.961854 -3.083433
3812.909857 -3.115809
3886.241598 -3.148809
3960.983691 -3.182443
4037.163260 -3.210220
4114.807952 -3.231572
4193.945945 -3.253335
4274.605958 -3.275517
4356.817264 -3.298125
4440.609698 -3.321168
4526.013668 -3.344654
4613.060170 -3.368592
4701.780792 -3.392990
4792.207733 -3.417857
4884.373808 -3.443203
4978.312466 -3.469036
5074.057799 -3.495366
5171.644552 -3.522202
5271.108142 -3.549555
5372.484663 -3.577433
5475.810907 -3.605848
5581.124372 -3.634809
5688.463277 -3.664327
5797.866576 -3.694413
5909.373973 -3.725078
6023.025934 -3.756332
6138.863706 -3.788188
6256.929325 -3.820656
6377.265641 -3.853748
6499.916322 -3.887477
6624.925882 -3.921855
6752.339687 -3.956893
6882.203975 -3.992606
7014.565877 -4.029006
7149.473428 -4.066105
7286.975587 -4.103918
7427.122254 -4.142459
7569.964290 -4.181740
7715.553534 -4.221777
7863.942821 -4.262584
8015.186003 -4.302088
8169.337968 -4.323284
8326.454659 -4.344888
8486.593094 -4.366907
8649.811390 -4.389349
8816.168780 -4.412223
8985.725636 -4.435537
9158.543492 -4.459300
9334.685066 -4.483519
9514.214280 -4.508204
9697.196288 -4.533364
9883.697494 -4.559008
10073.785583 -4.585146
10267.529539 -4.611785
10464.999673 -4.638937
10666.267648 -4.666612
10871.406508 -4.694818
11080.490698 -4.723567
11293.596097 -4.752869
11510.800043 -4.782735
11732.181362 -4.813175
11957.820394 -4.844200
12187.799025 -4.875822
12422.200718 -4.908053
12661.110539 -4.940903
12904.615189 -4.974385
13152.803040 -5.008510
13405.764160 -5.043293
13663.590352 -5.078744
13926.375184 -5.114877
14194.214021 -5.151704
14467.204065 -5.189241
14745.444387 -5.227499
15029.035962 -5.266492
15318.081709 -5.306236
15612.686524 -5.346744
15912.957323 -5.388032
16219.003077 -5.432850
16530.934851 -5.479640
16848.865849 -5.527330
17172.911452 -5.575937
17503.189257 -5.625478
17839.819126 -5.675973
18182.923225 -5.727438
18532.626070 -5.779894
18889.054569 -5.833358
19252.338076 -5.887851
19622.608428 -5.943391
20000.000000 -6.000000
