# DecayCore target curve
# Target: Harman6
# Frequency_Hz Magnitude_dB
10.000000 6.000000
10.192325 6.000000
10.388349 6.000000
10.588142 6.000000
10.791779 6.000000
10.999331 6.000000
11.210876 6.000000
11.426489 6.000000
11.646249 6.000000
11.870235 6.000000
12.098529 6.000000
12.331214 6.000000
12.568374 6.000000
12.810095 6.000000
13.056465 6.000000
13.307573 6.000000
13.563511 6.000000
13.824371 6.000000
14.090248 6.000000
14.361239 6.000000
14.637441 6.000000
14.918956 6.000000
15.205884 6.000000
15.498331 6.000000
15.796403 6.000000
16.100207 6.000000
16.409854 6.000000
16.725456 6.000000
17.047128 6.000000
17.374987 6.000000
17.709151 6.000000
18.049742 6.000000
18.396884 6.000000
18.750701 6.000000
19.111324 6.000000
19.478882 6.000000
19.853510 6.000000
20.235342 5.995293
20.624518 5.987510
21.021179 5.979576
21.425468 5.971491
21.837533 5.963249
22.257524 5.954850
22.685591 5.946288
23.121891 5.937562
23.566583 5.928668
24.019827 5.919603
24.481788 5.910364
24.952634 5.900947
25.432535 5.893346
25.921666 5.885821
26.420204 5.878151
26.928330 5.870333
27.446229 5.862366
27.974088 5.854245
28.512099 5.845968
29.060458 5.837531
29.619363 5.828933
30.189017 5.820169
30.769627 5.811237
31.361403 5.802132
31.964561 5.789069
32.579319 5.774604
33.205901 5.759861
33.844533 5.744835
34.495447 5.729519
35.158880 5.713909
35.835073 5.697998
36.524271 5.681782
37.226723 5.665254
37.942686 5.648407
38.672418 5.631237
39.416185 5.613737
40.174256 5.594772
40.946907 5.571593
41.734418 5.547967
42.537075 5.523888
43.355168 5.499345
44.188996 5.474330
45.038860 5.448834
45.905070 5.422848
46.787938 5.396362
47.687787 5.369366
48.604942 5.341852
49.539735 5.313808
50.492508 5.284846
51.463604 5.254966
52.453377 5.224511
53.462186 5.193471
54.490397 5.161834
55.538383 5.129588
56.606524 5.096722
57.695209 5.063224
58.804831 5.029082
59.935794 4.994283
61.088509 4.958815
62.263393 4.922665
63.460873 4.883734
64.681383 4.840657
65.925367 4.796752
67.193276 4.752002
68.485570 4.706392
69.802717 4.659904
71.145197 4.612522
72.513496 4.564230
73.908111 4.515008
75.329548 4.464839
76.778323 4.413706
78.254961 4.361590
79.759998 4.308471
81.293982 4.248241
82.857467 4.185701
84.451022 4.121959
86.075226 4.056991
87.730666 3.990773
89.417945 3.923282
91.137675 3.854493
92.890479 3.784381
94.676994 3.712920
96.497868 3.640085
98.353762 3.565850
100.245349 3.490186
102.173317 3.413067
104.138364 3.334465
106.141204 3.254352
108.182563 3.172697
110.263183 3.089473
112.383818 3.004647
114.545239 2.918190
116.748228 2.830071
118.993587 2.740257
121.282130 2.648715
123.614687 2.555413
125.992105 2.468820
128.415247 2.392664
130.884991 2.315043
133.402235 2.235930
135.967892 2.155295
138.582893 2.073109
141.248187 1.989343
143.964741 1.903965
146.733541 1.816946
149.555592 1.728253
152.431918 1.637854
155.363563 1.545717
158.351590 1.451807
161.397085 1.365073
164.501153 1.287471
167.664919 1.208377
170.889533 1.127762
174.176163 1.045596
177.526004 0.961850
180.940271 0.876493
184.420203 0.789495
187.967062 0.700823
191.582136 0.610447
195.266737 0.518332
199.022202 0.424445
202.849894 0.377201
206.751202 0.345990
210.727542 0.314180
214.780357 0.281757
218.911117 0.248711
223.121323 0.215029
227.412501 0.180700
231.786209 0.145710
236.244034 0.110048
240.787595 0.073699
245.418539 0.036652
250.138548 -0.000462
254.949335 -0.016498
259.852645 -0.032842
264.850257 -0.049501
269.943987 -0.066480
275.135681 -0.083786
280.427224 -0.101424
285.820538 -0.119402
291.317577 -0.137725
296.920339 -0.156401
302.630856 -0.175436
308.451200 -0.194837
314.383484 -0.214612
320.429860 -0.234766
326.592524 -0.255308
332.873710 -0.276246
339.275700 -0.297586
345.800815 -0.319336
352.451425 -0.341505
359.229943 -0.364100
366.138828 -0.387129
373.180589 -0.410602
380.357780 -0.434526
387.673006 -0.458910
395.128922 -0.483763
402.728234 -0.502274
410.473700 -0.508728
418.368130 -0.515307
426.414390 -0.522012
434.615400 -0.528846
442.974135 -0.535812
451.493630 -0.542911
460.176975 -0.550147
469.027323 -0.557523
478.047885 -0.565040
487.241935 -0.572702
496.612810 -0.580511
506.163909 -0.588470
515.898700 -0.596582
525.820716 -0.604851
535.933556 -0.613278
546.240892 -0.621867
556.746463 -0.630622
567.454082 -0.639545
578.367636 -0.648640
589.491084 -0.657909
600.828464 -0.667357
612.383890 -0.676987
624.161555 -0.686801
636.165735 -0.696805
648.400784 -0.707001
660.871144 -0.717393
673.581340 -0.727984
686.535985 -0.738780
699.739780 -0.749783
713.197516 -0.760998
726.914079 -0.772428
740.894445 -0.784079
755.143688 -0.795953
769.666979 -0.808056
784.469590 -0.820391
799.556892 -0.832964
814.934360 -0.845779
830.607574 -0.858840
846.582224 -0.872152
862.864106 -0.885720
879.459130 -0.899549
896.373316 -0.913644
913.612805 -0.928011
931.183852 -0.942653
949.092834 -0.957577
967.346250 -0.972789
985.950724 -0.988292
1004.913009 -1.003930
1024.239986 -1.019392
1043.938669 -1.035151
1064.016207 -1.051213
1084.479885 -1.067584
1105.337131 -1.084270
1126.595513 -1.101276
1148.262748 -1.118610
1170.346697 -1.136277
1192.855375 -1.154284
1215.796951 -1.172638
1239.179751 -1.191344
1263.012260 -1.210410
1287.303127 -1.229843
1312.061169 -1.249649
1337.295369 -1.269836
1363.014885 -1.290412
1389.229052 -1.311383
1415.947382 -1.332758
1443.179573 -1.354544
1470.935506 -1.376748
1499.225255 -1.399380
1528.059086 -1.422447
1557.447463 -1.445958
1587.401052 -1.469921
1617.930723 -1.494345
1649.047555 -1.519238
1680.762842 -1.544610
1713.088092 -1.570470
1746.035038 -1.596828
1779.615635 -1.623693
1813.842070 -1.651074
1848.726765 -1.678981
1884.282380 -1.707426
1920.521817 -1.736417
1957.458229 -1.765967
1995.105020 -1.796084
2033.475852 -1.816738
2072.584651 -1.836292
2112.445610 -1.856223
2153.073194 -1.876537
2194.482147 -1.897241
2236.687498 -1.918344
2279.704562 -1.939852
2323.548952 -1.961774
2368.236578 -1.984118
2413.783658 -2.006892
2460.206722 -2.030103
2507.522618 -2.053761
2555.748515 -2.077874
2604.901917 -2.102451
2655.000660 -2.127500
2706.062927 -2.153031
2758.107249 -2.179054
2811.152512 -2.205576
2865.217968 -2.232609
2920.323237 -2.260162
2976.488317 -2.288244
3033.733591 -2.316867
3092.079835 -2.346040
3151.548222 -2.375774
3212.160333 -2.406080
3273.938167 -2.436969
3336.904142 -2.468452
3401.081109 -2.500541
3466.492359 -2.533246
3533.161630 -2.566581
3601.113117 -2.600557
3670.371481 -2.635186
3740.961854 -2.670481
3812.909857 -2.706455
3886.241598 -2.743121
3960.983691 -2.780492
4037.163260 -2.811149
4114.807952 -2.834442
4193.945945 -2.858184
4274.605958 -2.882382
4356.817264 -2.907045
4440.609698 -2.932183
4526.013668 -2.957804
4613.060170 -2.983918
4701.780792 -3.010534
4792.207733 -3.037662
4884.373808 -3.065312
4978.312466 -3.093494
5074.057799 -3.122217
5171.644552 -3.151493
5271.108142 -3.181332
5372.484663 -3.211745
5475.810907 -3.242743
5581.124372 -3.274337
5688.463277 -3.306539
5797.866576 -3.339360
5909.373973 -3.372812
6023.025934 -3.406908
6138.863706 -3.441659
6256.929325 -3.477079
6377.265641 -3.513180
6499.916322 -3.549975
6624.925882 -3.587478
6752.339687 -3.625702
6882.203975 -3.664661
7014.565877 -3.704370
7149.473428 -3.744842
7286.975587 -3.786093
7427.122254 -3.828137
7569.964290 -3.870989
7715.553534 -3.914666
7863.942821 -3.959183
8015.186003 -4.002847
8169.337968 -4.031751
8326.454659 -4.061210
8486.593094 -4.091236
8649.811390 -4.121840
8816.168780 -4.153032
8985.725636 -4.184824
9158.543492 -4.217227
9334.685066 -4.250253
9514.214280 -4.283915
9697.196288 -4.318224
9883.697494 -4.353193
10073.785583 -4.388835
10267.529539 -4.425162
10464.999673 -4.462187
10666.267648 -4.499925
10871.406508 -4.538389
11080.490698 -4.577592
11293.596097 -4.617549
11510.800043 -4.658275
11732.181362 -4.699784
11957.820394 -4.742091
12187.799025 -4.785212
12422.200718 -4.829163
12661.110539 -4.873958
12904.615189 -4.919615
13152.803040 -4.966151
13405.764160 -5.013581
13663.590352 -5.061923
13926.375184 -5.111195
14194.214021 -5.161415
14467.204065 -5.212601
14745.444387 -5.264771
15029.035962 -5.317944
15318.081709 -5.372140
15612.686524 -5.427379
15912.957323 -5.483679
16219.003077 -5.527375
16530.934851 -5.566367
16848.865849 -5.606108
17172.911452 -5.646614
17503.189257 -5.687899
17839.819126 -5.729977
18182.923225 -5.772865
18532.626070 -5.816578
18889.054569 -5.861132
19252.338076 -5.906542
19622.608428 -5.952826
20000.000000 -6.000000
