# DecayCore target curve
# Target: Flat
# Frequency_Hz Magnitude_dB
10.000000 0.000000
10.192325 0.000000
10.388349 0.000000
10.588142 0.000000
10.791779 0.000000
10.999331 0.000000
11.210876 0.000000
11.426489 0.000000
11.646249 0.000000
11.870235 0.000000
12.098529 0.000000
12.331214 0.000000
12.568374 0.000000
12.810095 0.000000
13.056465 0.000000
13.307573 0.000000
13.563511 0.000000
13.824371 0.000000
14.090248 0.000000
14.361239 0.000000
14.637441 0.000000
14.918956 0.000000
15.205884 0.000000
15.498331 0.000000
15.796403 0.000000
16.100207 0.000000
16.409854 0.000000
16.725456 0.000000
17.047128 0.000000
17.374987 0.000000
17.709151 0.000000
18.049742 0.000000
18.396884 0.000000
18.750701 0.000000
19.111324 0.000000
19.478882 0.000000
19.853510 0.000000
20.235342 0.000000
20.624518 0.000000
21.021179 0.000000
21.425468 0.000000
21.837533 0.000000
22.257524 0.000000
22.685591 0.000000
23.121891 0.000000
23.566583 0.000000
24.019827 0.000000
24.481788 0.000000
24.952634 0.000000
25.432535 0.000000
25.921666 0.000000
26.420204 0.000000
26.928330 0.000000
27.446229 0.000000
27.974088 0.000000
28.512099 0.000000
29.060458 0.000000
29.619363 0.000000
30.189017 0.000000
30.769627 0.000000
31.361403 0.000000
31.964561 0.000000
32.579319 0.000000
33.205901 0.000000
33.844533 0.000000
34.495447 0.000000
35.158880 0.000000
35.835073 0.000000
36.524271 0.000000
37.226723 0.000000
37.942686 0.000000
38.672418 0.000000
39.416185 0.000000
40.174256 0.000000
40.946907 0.000000
41.734418 0.000000
42.537075 0.000000
43.355168 0.000000
44.188996 0.000000
45.038860 0.000000
45.905070 0.000000
46.787938 0.000000
47.687787 0.000000
48.604942 0.000000
49.539735 0.000000
50.492508 0.000000
51.463604 0.000000
52.453377 0.000000
53.462186 0.000000
54.490397 0.000000
55.538383 0.000000
56.606524 0.000000
57.695209 0.000000
58.804831 0.000000
59.935794 0.000000
61.088509 0.000000
62.263393 0.000000
63.460873 0.000000
64.681383 0.000000
65.925367 0.000000
67.193276 0.000000
68.485570 0.000000
69.802717 0.000000
71.145197 0.000000
72.513496 0.000000
73.908111 0.000000
75.329548 0.000000
76.778323 0.000000
78.254961 0.000000
79.759998 0.000000
81.293982 0.000000
82.857467 0.000000
84.451022 0.000000
86.075226 0.000000
87.730666 0.000000
89.417945 0.000000
91.137675 0.000000
92.890479 0.000000
94.676994 0.000000
96.497868 0.000000
98.353762 0.000000
100.245349 0.000000
102.173317 0.000000
104.138364 0.000000
106.141204 0.000000
108.182563 0.000000
110.263183 0.000000
112.383818 0.000000
114.545239 0.000000
116.748228 0.000000
118.993587 0.000000
121.282130 0.000000
123.614687 0.000000
125.992105 0.000000
128.415247 0.000000
130.884991 0.000000
133.402235 0.000000
135.967892 0.000000
138.582893 0.000000
141.248187 0.000000
143.964741 0.000000
146.733541 0.000000
149.555592 0.000000
152.431918 0.000000
155.363563 0.000000
158.351590 0.000000
161.397085 0.000000
164.501153 0.000000
167.664919 0.000000
170.889533 0.000000
174.176163 0.000000
177.526004 0.000000
180.940271 0.000000
184.420203 0.000000
187.967062 0.000000
191.582136 0.000000
195.266737 0.000000
199.022202 0.000000
202.849894 0.000000
206.751202 0.000000
210.727542 0.000000
214.780357 0.000000
218.911117 0.000000
223.121323 0.000000
227.412501 0.000000
231.786209 0.000000
236.244034 0.000000
240.787595 0.000000
245.418539 0.000000
250.138548 0.000000
254.949335 0.000000
259.852645 0.000000
264.850257 0.000000
269.943987 0.000000
275.135681 0.000000
280.427224 0.000000
285.820538 0.000000
291.317577 0.000000
296.920339 0.000000
302.630856 0.000000
308.451200 0.000000
314.383484 0.000000
320.429860 0.000000
326.592524 0.000000
332.873710 0.000000
339.275700 0.000000
345.800815 0.000000
352.451425 0.000000
359.229943 0.000000
366.138828 0.000000
373.180589 0.000000
380.357780 0.000000
387.673006 0.000000
395.128922 0.000000
402.728234 0.000000
410.473700 0.000000
418.368130 0.000000
426.414390 0.000000
434.615400 0.000000
442.974135 0.000000
451.493630 0.000000
460.176975 0.000000
469.027323 0.000000
478.047885 0.000000
487.241935 0.000000
496.612810 0.000000
506.163909 0.000000
515.898700 0.000000
525.820716 0.000000
535.933556 0.000000
546.240892 0.000000
556.746463 0.000000
567.454082 0.000000
578.367636 0.000000
589.491084 0.000000
600.828464 0.000000
612.383890 0.000000
624.161555 0.000000
636.165735 0.000000
648.400784 0.000000
660.871144 0.000000
673.581340 0.000000
686.535985 0.000000
699.739780 0.000000
713.197516 0.000000
726.914079 0.000000
740.894445 0.000000
755.143688 0.000000
769.666979 0.000000
784.469590 0.000000
799.556892 0.000000
814.934360 0.000000
830.607574 0.000000
846.582224 0.000000
862.864106 0.000000
879.459130 0.000000
896.373316 0.000000
913.612805 0.000000
931.183852 0.000000
949.092834 0.000000
967.346250 0.000000
985.950724 0.000000
1004.913009 0.000000
1024.239986 0.000000
1043.938669 0.000000
1064.016207 0.000000
1084.479885 0.000000
1105.337131 0.000000
1126.595513 0.000000
1148.262748 0.000000
1170.346697 0.000000
1192.855375 0.000000
1215.796951 0.000000
1239.179751 0.000000
1263.012260 0.000000
1287.303127 0.000000
1312.061169 0.000000
1337.295369 0.000000
1363.014885 0.000000
1389.229052 0.000000
1415.947382 0.000000
1443.179573 0.000000
1470.935506 0.000000
1499.225255 0.000000
1528.059086 0.000000
1557.447463 0.000000
1587.401052 0.000000
1617.930723 0.000000
1649.047555 0.000000
1680.762842 0.000000
1713.088092 0.000000
1746.035038 0.000000
1779.615635 0.000000
1813.842070 0.000000
1848.726765 0.000000
1884.282380 0.000000
1920.521817 0.000000
1957.458229 0.000000
1995.105020 0.000000
2033.475852 0.000000
2072.584651 0.000000
2112.445610 0.000000
2153.073194 0.000000
2194.482147 0.000000
2236.687498 0.000000
2279.704562 0.000000
2323.548952 0.000000
2368.236578 0.000000
2413.783658 0.000000
2460.206722 0.000000
2507.522618 0.000000
2555.748515 0.000000
2604.901917 0.000000
2655.000660 0.000000
2706.062927 0.000000
2758.107249 0.000000
2811.152512 0.000000
2865.217968 0.000000
2920.323237 0.000000
2976.488317 0.000000
3033.733591 0.000000
3092.079835 0.000000
3151.548222 0.000000
3212.160333 0.000000
3273.938167 0.000000
3336.904142 0.000000
3401.081109 0.000000
3466.492359 0.000000
3533.161630 0.000000
3601.113117 0.000000
3670.371481 0.000000
3740.961854 0.000000
3812.909857 0.000000
3886.241598 0.000000
3960.983691 0.000000
4037.163260 0.000000
4114.807952 0.000000
4193.945945 0.000000
4274.605958 0.000000
4356.817264 0.000000
4440.609698 0.000000
4526.013668 0.000000
4613.060170 0.000000
4701.780792 0.000000
4792.207733 0.000000
4884.373808 0.000000
4978.312466 0.000000
5074.057799 0.000000
5171.644552 0.000000
5271.108142 0.000000
5372.484663 0.000000
5475.810907 0.000000
5581.124372 0.000000
5688.463277 0.000000
5797.866576 0.000000
5909.373973 0.000000
6023.025934 0.000000
6138.863706 0.000000
6256.929325 0.000000
6377.265641 0.000000
6499.916322 0.000000
6624.925882 0.000000
6752.339687 0.000000
6882.203975 0.000000
7014.565877 0.000000
7149.473428 0.000000
7286.975587 0.000000
7427.122254 0.000000
7569.964290 0.000000
7715.553534 0.000000
7863.942821 0.000000
8015.186003 0.000000
8169.337968 0.000000
8326.454659 0.000000
8486.593094 0.000000
8649.811390 0.000000
8816.168780 0.000000
8985.725636 0.000000
9158.543492 0.000000
9334.685066 0.000000
9514.214280 0.000000
9697.196288 0.000000
9883.697494 0.000000
10073.785583 0.000000
10267.529539 0.000000
10464.999673 0.000000
10666.267648 0.000000
10871.406508 0.000000
11080.490698 0.000000
11293.596097 0.000000
11510.800043 0.000000
11732.181362 0.000000
11957.820394 0.000000
12187.799025 0.000000
12422.200718 0.000000
12661.110539 0.000000
12904.615189 0.000000
13152.803040 0.000000
13405.764160 0.000000
13663.590352 0.000000
13926.375184 0.000000
14194.214021 0.000000
14467.204065 0.000000
14745.444387 0.000000
15029.035962 0.000000
15318.081709 0.000000
15612.686524 0.000000
15912.957323 0.000000
16219.003077 0.000000
16530.934851 0.000000
16848.865849 0.000000
17172.911452 0.000000
17503.189257 0.000000
17839.819126 0.000000
18182.923225 0.000000
18532.626070 0.000000
18889.054569 0.000000
19252.338076 0.000000
19622.608428 0.000000
20000.000000 0.000000
